11	58.10
12	58.10
13	58.10
14	58.10
15	58.10
16	58.10
17	58.10
18	58.10
19	60.00
20	61.90
21	63.81
22	65.71
23	67.62
24	69.52
25	71.43
26	73.33
27	73.33
28	73.33
29	73.33
30	73.33
31	75.24
32	77.14
33	79.05
34	79.05
35	80.95
36	82.86
37	84.76
38	86.67
39	88.57
40	88.57
41	88.57
42	88.57
43	88.57
44	88.57
45	88.57
46	88.57
47	90.48
48	92.38
49	92.38
50	92.38
51	92.38
52	90.48
53	88.57
54	86.67
55	86.67
56	84.76
57	82.86
58	80.95
59	79.05
60	77.14
61	75.24
62	73.33
63	71.43
64	69.52
65	67.62
66	65.71
67	63.81
68	61.90
69	59.05
70	58.10
71	56.19
72	56.19
73	57.14
74	59.05
75	60.95
76	62.86
77	64.76
78	66.67
79	68.57
80	70.48
81	72.38
82	74.29
83	76.19
84	78.10
85	80.00
86	81.90
87	83.81
88	85.71
89	87.62
90	90.48
91	93.33
92	97.14
93	97.14
94	96.19
95	94.29
96	92.38
97	90.48
98	88.57
99	86.67
100	84.76
101	82.86
102	80.95
103	79.05
104	77.14
105	75.24
106	73.33
107	71.43
108	69.52
109	67.62
110	65.71
111	63.81
112	61.90
113	60.00
114	60.00
115	60.00
116	60.00
117	58.10
118	56.19
119	56.19
120	56.19
121	56.19
122	56.19
123	56.19
124	56.19
125	56.19
126	56.19
127	56.19
128	56.19
129	56.19
130	56.19
131	56.19
132	56.19
133	56.19
134	56.19
135	56.19
136	56.19
137	56.19
138	59.05
139	61.90
140	63.81
141	65.71
142	67.62
143	69.52
144	71.43
145	73.33
146	75.24
147	77.14
148	76.19
149	78.10
150	80.00
151	81.90
152	83.81
153	85.71
154	87.62
155	89.52
156	91.43
157	93.33
158	95.24
159	96.19
160	97.14
161	97.14
162	97.14
163	97.14
164	97.14
165	97.14
166	97.14
167	97.14
168	97.14
169	98.10
170	98.10
171	98.10
172	98.10
173	98.10
174	98.10
175	98.10
176	98.10
177	98.10
178	98.10
179	98.10
180	98.10
181	98.10
182	98.10
183	98.10
184	98.10
185	98.10
186	97.14
187	95.24
188	93.33
189	90.48
190	91.43
191	90.48
192	89.52
193	89.52
194	89.52
195	89.52
196	89.52
197	89.52
198	89.52
199	89.52
200	89.52
201	88.57
202	88.57
203	88.57
204	88.57
205	88.57
206	88.57
207	89.52
208	91.43
209	93.33
210	95.24
211	93.33
212	91.43
213	89.52
214	88.57
215	87.62
216	86.67
217	85.71
218	84.76
219	83.81
220	82.86
221	81.90
222	81.90
223	80.95
224	80.00
225	79.05
226	78.10
227	77.14
228	75.24
229	74.29
230	74.29
231	75.24
232	78.10
233	80.95
234	83.81
235	84.76
236	85.71
237	86.67
238	87.62
239	88.57
240	89.52
241	90.48
242	91.43
243	92.38
244	93.33
245	94.29
246	95.24
247	96.19
248	97.14
249	97.14
250	97.14
